OSCAR 7
1 07530U 74089B   17341.00627255 -.00000039  00000-0  34980-4 0  9997
2 07530 101.6579 306.4425 0012182 348.8807  56.0528 12.53630115970517
OSCAR 11 (UoSAT 2)
1 14781U 84021B   17341.17482788  .00000095  00000-0  17886-4 0  9995
2 14781  97.6755  20.3049 0008419   3.0192 357.1071 14.82962700815981
OSCAR 19 (LUSAT)
1 20442U 90005G   17341.25258245 +.00000014 +00000-0 +21264-4 0  9999
2 20442 098.5917 276.1183 0011851 002.4783 357.6457 14.32880287456343
KITSAT B
1 22825U 93061C   17338.49826980 -.00000006 +00000-0 +15475-4 0  9999
2 22825 098.8367 306.3734 0008152 187.5813 172.5247 14.30015429261474
POSAT 1
1 22826U 93061D   17340.86853960 +.00000011 +00000-0 +21842-4 0  9992
2 22826 098.8311 308.8406 0008987 171.0015 189.1330 14.30345980262011
RADIO ROSTO
1 23439U 94085A   17341.23438696 -.00000042 +00000-0 +17106-4 0  9990
2 23439 064.8173 299.2798 0163507 216.0800 245.8588 11.27566649944922
JAS 2
1 24278U 96046B   17341.19437976 -.00000042 +00000-0 -46389-5 0  9993
2 24278 098.5344 201.2028 0349343 248.9173 107.4287 13.53080575052028
TECHSAT 1B
1 25397U 98043D   17341.44218022 -.00000002  00000-0  18182-4 0  9996
2 25397  98.6293 280.2658 0001010 160.5079 199.6138 14.23635356  8447
ISS (ZARYA)
1 25544U 98067A   17341.28840128  .00005157  00000-0  85153-4 0  9993
2 25544  51.6425 255.3876 0003192 201.4122 301.9164 15.54105312 88678
PCSAT
1 26931U 01043C   17341.22404783 -.00000025 +00000-0 +22060-4 0  9997
2 26931 067.0517 004.7292 0005262 267.6774 092.3724 14.30486108845028
SAUDISAT 1C
1 27607U 02058C   17341.25786148 +.00000032 +00000-0 +25251-4 0  9998
2 27607 064.5555 316.6588 0041641 018.8264 341.4367 14.75399060804516
CUTE-1
1 27844U 03031E   17341.02079695 +.00000049 +00000-0 +41852-4 0  9993
2 27844 098.6888 347.5074 0009373 202.0072 158.0704 14.22080291748844
CUBESAT XI 4
1 27848U 03031J   17340.99730613 +.00000036 +00000-0 +36521-4 0  9999
2 27848 098.6978 347.8135 0009089 212.4282 147.6338 14.21689156748729
MOZHAYETS 4
1 27939U 03042A   17341.47148946  .00000134  00000-0  32487-4 0  9994
2 27939  97.9630 120.9001 0013749  41.4215  29.3951 14.66637165758712
CUBESAT XI 5
1 28895U 05043F   17341.43145071  .00000155  00000-0  38563-4 0  9995
2 28895  97.8833 135.9650 0015898 319.0505  40.9503 14.63482248645823
CUTE-1.7+APD II
1 32785U 08021C   17341.20501674 +.00000242 +00000-0 +31945-4 0  9991
2 32785 097.5558 357.4822 0012080 320.2133 039.8198 14.88021248520555
DELFI C3
1 32789U 08021G   17341.20238675 +.00000992 +00000-0 +73032-4 0  9998
2 32789 097.5387 035.6567 0011477 227.3749 132.6511 15.05558388522798
SEEDS
1 32791U 08021J   17341.06699931 +.00000430 +00000-0 +49517-4 0  9999
2 32791 097.5496 002.2282 0012119 301.5621 058.4414 14.90410498520814
YUBELEINY
1 32953U 08025A   17341.40576502  .00000018  00000-0  59913-4 0  9992
2 32953  82.5007 131.9528 0018532 267.1482  92.7476 12.43080534432941
PRISM (HITOMI)
1 33493U 09002B   17341.42004109  .00000069  00000-0  11881-4 0  9997
2 33493  98.1472 230.9591 0014010 229.6004 130.3995 14.95981358481672
KKS-1 (KISEKI)
1 33499U 09002H   17341.44245377  .00000137  00000-0  28245-4 0  9997
2 33499  98.3445 152.0874 0009268 175.5769 184.5523 14.75269835476909
SWISSCUBE
1 35932U 09051B   17340.96471453  .00000151  00000-0  45115-4 0  9998
2 35932  98.5189 122.8246 0008745  82.7559 277.4632 14.56095485435469
BEESAT
1 35933U 09051C   17341.28091586 +.00000132 +00000-0 +40720-4 0  9996
2 35933 098.5227 124.5707 0006998 093.5289 266.6708 14.56206024435537
ITUPSAT 1
1 35935U 09051E   17341.09025725 +.00000109 +00000-0 +36094-4 0  9992
2 35935 098.5339 124.6306 0009294 088.8385 271.3876 14.55391072435384
XIWANG-1 (HOPE-1)
1 36122U 09072B   17341.25180853 -.00000037 +00000-0 +12950-4 0  9992
2 36122 100.0878 359.7849 0007385 190.9586 169.1368 13.16342406383295
TISAT 1
1 36799U 10035E   17341.41368242  .00000405  00000-0  47383-4 0  9997
2 36799  98.0822 107.8984 0013641 116.2630 243.9990 14.90628490401583
JUGNU
1 37839U 11058B   17340.80192656 +.00000302 +00000-0 +19242-4 0  9994
2 37839 019.9605 123.8190 0018927 286.4199 222.5441 14.12603336318025
SRMSAT
1 37841U 11058D   17340.89732840  .00000298  00000-0  18279-4 0  9994
2 37841  19.9704 168.4820 0011817 178.2635 321.1011 14.10593680317696
M-CUBED/EXP-1 PRIME
1 37855U 11061F   17341.16688185  .00002511  00000-0  13667-3 0  9991
2 37855 101.7166 300.4953 0178277 290.3410  67.8726 15.03867540332785
HORYU 2
1 38340U 12025D   17341.09380357  .00000229  00000-0  41744-4 0  9996
2 38340  98.3759 351.1245 0012827 101.2971 258.9679 14.75460224298788
STRAND 1
1 39090U 13009E   17341.43382148  .00000031  00000-0  26392-4 0  9993
2 39090  98.5360 185.1099 0009811 141.1053 219.0840 14.35000086250324
BEESAT 3
1 39134U 13015E   17341.27037073 +.00001885 +00000-0 +99471-4 0  9991
2 39134 064.8659 027.4580 0030417 237.9265 121.8908 15.18585636255374
SOMP
1 39135U 13015F   17341.24796276 +.00001209 +00000-0 +71760-4 0  9997
2 39135 064.8707 038.4502 0032719 257.5708 102.1756 15.16208328255159
BEESAT 2
1 39136U 13015G   17341.41545773  .00001223  00000-0  73467-4 0  9993
2 39136  64.8708  40.1889 0032169 259.3598 100.3904 15.15695604255527
CUBEBUG 1
1 39153U 13018D   17341.34590240  .00000275  00000-0  43102-4 0  9995
2 39153  97.9841  72.7174 0016563 203.4933 156.5524 14.80300941249209
ZACUBE
1 39417U 13066B   17341.15003514 +.00000268 +00000-0 +40111-4 0  9992
2 39417 097.6097 014.8203 0060519 064.7476 295.9993 14.80835261218372
TRITON 1
1 39427U 13066M   17341.03662886 +.00000211 +00000-0 +41453-4 0  9991
2 39427 097.6362 344.7977 0114828 154.3896 206.3060 14.67574970216209
GOMX 1
1 39430U 13066Q   17341.41768656  .00000158  00000-0  37915-4 0  9997
2 39430  97.6776 327.3627 0150834 215.5867 143.5204 14.58985437215199
HUMSAT D
1 39433U 13066T   17341.20297582 +.00000418 +00000-0 +46703-4 0  9996
2 39433 097.6319 039.0295 0030996 004.5223 355.6270 14.91676152218629
50 SAT
1 39436U 13066W   17341.27170100  .00045796  00000-0  77852-3 0  9998
2 39436  97.7135  97.1847 0006790 180.8126 179.3115 15.51286747223339
CUBEBUG 2
1 39440U 13066AA  17341.10491973  .00000258  00000-0  42798-4 0  9995
2 39440  97.6139   2.6450 0082106  99.1837 261.8673 14.75572623217597
FUNCUBE 1
1 39444U 13066AE  17341.11036053 +.00000320 +00000-0 +45892-4 0  9992
2 39444 097.6111 016.0604 0059607 061.1159 299.6017 14.81593603216629
UWE-3
1 39446U 13066AG  17341.11808941 +.00000253 +00000-0 +40219-4 0  9990
2 39446 097.6106 008.3867 0071778 082.2851 278.6504 14.78106145216159
SPROUT
1 39770U 14029E   17341.30706876  .00000745  00000-0  90230-4 0  9999
2 39770  97.8767  79.0546 0010391 115.7348 244.4971 14.86570012191855
UNISAT 6
1 40012U 14033C   17341.20999331 +.00000229 +00000-0 +41710-4 0  9990
2 40012 097.8326 219.2747 0059873 097.2257 263.5763 14.73729754186422
DUCHIFAT 1
1 40021U 14033M   17341.22443898  .00000486  00000-0  56050-4 0  9992
2 40021  97.9162 254.6024 0014447  90.5658 269.7215 14.90125786188360
QB50P1
1 40025U 14033R   17341.24581354 +.00000362 +00000-0 +44864-4 0  9991
2 40025 097.9081 251.9985 0013908 095.3923 264.8881 14.88586559187729
CHUBUSAT 1
1 40300U 14070C   17341.36797606  .00000882  00000-0  42412-4 0  9994
2 40300  97.3840  58.0121 0019332 211.0942 219.6615 15.21272036171114
NUDT-PHONESAT
1 40900U 15049B   17341.45494398  .00002462  00000-0  11569-3 0  9993
2 40900  97.4428 347.0334 0013262 347.4643  12.6260 15.20474758122777
ZDPS 2A
1 40901U 15049C   17341.44775868  .00001010  00000-0  54884-4 0  9993
2 40901  97.4584 345.8564 0013538 351.1677   8.9316 15.16714593122596
ZDPS 2B
1 40902U 15049D   17341.46257827  .00000963  00000-0  52732-4 0  9992
2 40902  97.4468 344.2226 0013511 348.1727  11.9187 15.16530310122581
XW-2A
1 40903U 15049E   17341.37808906  .00002277  00000-0  59591-4 0  9993
2 40903  97.4060   9.1709 0014692   9.2823 350.8692 15.39722120124288
KAITUO 1A
1 40904U 15049F   17341.32922557  .00000759  00000-0  44363-4 0  9992
2 40904  97.4562 343.5712 0014846 349.9092 106.1661 15.14797636122450
OBJECT G
1 40905U 15049G   17341.33536819  .00000474  00000-0  29835-4 0  9997
2 40905  97.4544 341.9832 0015293 340.3268  19.7371 15.13786850122398
XW-2C
1 40906U 15049H   17341.38832952  .00000767  00000-0  44651-4 0  9998
2 40906  97.4572 343.4795 0014553 340.7850  19.2832 15.14909113122458
XW-2D
1 40907U 15049J   17341.42464357  .00000813  00000-0  46947-4 0  9996
2 40907  97.4543 343.2399 0013866 338.8881  21.1778 15.15039375122460
LILACSAT 2
1 40908U 15049K   17341.47213765  .00000420  00000-0  27177-4 0  9995
2 40908  97.4649 342.8819 0015454 337.8019  22.2542 15.13342880122374
XW-2F
1 40910U 15049M   17341.44956445  .00001242  00000-0  67818-4 0  9993
2 40910  97.4555 344.2365 0014536 335.1040  24.9490 15.16095372122397
XW-2B
1 40911U 15049N   17341.43554322  .00000787  00000-0  45607-4 0  9996
2 40911  97.4582 343.7100 0013785 339.3862  20.6812 15.14991245122362
KAITUO 1B
1 40912U 15049P   17341.47500764  .00001600  00000-0  81247-4 0  9997
2 40912  97.4502 346.5888 0014740 325.4837 190.3496 15.18262847122578
TIANWANG 1C (TW-1C)
1 40926U 15051B   17341.08487683  .00008449  00000-0  17471-3 0  9991
2 40926  97.2092  19.4583 0008947 259.5262 152.5926 15.46012763123608
TIANWANG 1B (TW-1B)
1 40927U 15051C   17341.14853771  .00008358  00000-0  17980-3 0  9998
2 40927  97.2181  19.4568 0008746 272.6605 121.4032 15.44854214123544
TIANWANG 1A (TW-1A)
1 40928U 15051D   17341.35083716  .00002847  00000-0  79362-4 0  9996
2 40928  97.2080  14.0244 0010592 300.2510 123.8290 15.37547307123298
LAPAN A2
1 40931U 15052B   17341.09531139  .00000648  00000-0  13163-5 0  9994
2 40931   6.0000  79.8218 0012398 169.6513 190.3923 14.76557173118568
LQSAT
1 40958U 15057A   17341.47043458  .00000061  00000-0  17256-4 0  9997
2 40958  97.9633  53.6175 0017035 228.2312 131.7442 14.73005381116628
CHUBUSAT 2
1 41338U 16012B   17340.65875900 +.00000369 +00000-0 +22154-4 0  9990
2 41338 031.0033 096.7736 0014016 326.6200 033.3551 14.99882704098908
CHUBUSAT 3
1 41339U 16012C   17341.36241266  .00000377  00000-0  22676-4 0  9990
2 41339  31.0084  91.1795 0013927 340.8038  19.2091 15.00077679 98997
OUFTI-1
1 41458U 16025C   17341.07613795  .00002248  00000-0  12111-3 0  9995
2 41458  98.1651  28.4603 0172947  71.7683 290.2299 15.04024055 88554
E-STAR-2
1 41459U 16025D   17341.18489694  .00001517  00000-0  83165-4 0  9993
2 41459  98.1655  28.4852 0174823  71.7899 290.2291 15.03803556 88562
AAUSAT 4
1 41460U 16025E   17341.26435086  .00002438  00000-0  13053-3 0  9991
2 41460  98.1596  28.8097 0166029  69.0154 292.8750 15.04996239 88612
NUSAT 1
1 41557U 16033B   17341.36367483  .00001617  00000-0  62163-4 0  9998
2 41557  97.4519  60.8402 0015505 113.6895 246.5973 15.27793141 84860
BEESAT 4
1 41619U 16040W   17341.13765032 +.00001712 +00000-0 +79035-4 0  9994
2 41619 097.4421 041.7286 0011930 175.7855 184.3483 15.21531296068886
PRATHAM
1 41783U 16059A   17341.21287714 +.00000069 +00000-0 +22876-4 0  9996
2 41783 098.1459 040.5959 0033078 340.2796 019.7125 14.62885190063890
ALSAT 1N
1 41789U 16059G   17341.12608648  .00000113  00000-0  30716-4 0  9997
2 41789  98.1466  41.3484 0027969 334.6786  25.3061 14.64107747 63916
NAYIF 1
1 42017U 17008BX  17341.12573291 +.00001946 +00000-0 +83796-4 0  9993
2 42017 097.4744 042.1249 0005941 349.4054 010.7057 15.23806781044819
LILACSAT-1
1 42725U 98067ME  17341.30639907  .00018068  00000-0  21286-3 0  9998
2 42725  51.6376 250.5623 0004605 215.6319 144.4368 15.61444976 30465
MAX VALIER SAT
1 42778U 17036P   17341.35411014  .00001156  00000-0  55368-4 0  9994
2 42778  97.4310  39.0053 0013367  28.5147 331.6817 15.20885679 25345
NAVSTAR 43 (USA 132)
1 24876U 97035A   17341.07543652 +.00000024 +00000-0 +00000-0 0  9995
2 24876 055.5150 220.3127 0034270 095.6409 264.8374 02.00565051149491
NAVSTAR 46 (USA 145)
1 25933U 99055A   17341.16045990 -.00000052 +00000-0 +00000-0 0  9998
2 25933 051.7540 070.0717 0166675 098.9361 249.0693 02.00554430133110
NAVSTAR 47 (USA 150)
1 26360U 00025A   17341.23882831 +.00000053 +00000-0 +00000-0 0  9993
2 26360 053.1521 147.6704 0044177 099.8000 047.1580 02.00552492128818
NAVSTAR 48 (USA 151)
1 26407U 00040A   17341.27069596 -.00000058 +00000-0 +00000-0 0  9997
2 26407 056.5713 338.3945 0201976 271.4584 183.6908 02.00564855127492
NAVSTAR 49 (USA 154)
1 26605U 00071A   17341.12264553 +.00000025 +00000-0 +00000-0 0  9998
2 26605 055.0872 217.9760 0094609 248.6965 006.4130 02.00558002125080
NAVSTAR 50 (USA 156)
1 26690U 01004A   17341.29855272 +.00000055 +00000-0 +00000-0 0  9994
2 26690 053.0712 150.5941 0184340 258.8011 238.2270 02.00566547123491
NAVSTAR 51 (USA 166)
1 27663U 03005A   17341.15252694 -.00000057 +00000-0 +00000-0 0  9995
2 27663 056.6381 338.1482 0094373 024.3589 099.0153 02.00578707108856
NAVSTAR 52 (USA 168)
1 27704U 03010A   17341.15736715 -.00000018 +00000-0 +00000-0 0  9995
2 27704 053.9675 091.0455 0244271 267.2568 189.0933 02.00576876107650
NAVSTAR 53 (USA 175)
1 28129U 03058A   17340.77109236 +.00000053 +00000-0 +00000-0 0  9996
2 28129 052.9631 150.5872 0073611 265.7077 093.4507 02.00565221102329
NAVSTAR 54 (USA 177)
1 28190U 04009A   17341.24047204 -.00000074 +00000-0 +00000-0 0  9994
2 28190 056.0905 039.0769 0095620 062.4375 280.4153 02.00562041100521
NAVSTAR 55 (USA 178)
1 28361U 04023A   17341.26288042 +.00000027 +00000-0 +00000-0 0  9996
2 28361 054.0800 212.9066 0119979 222.6320 047.3837 02.00567530098588
NAVSTAR 56 (USA 180)
1 28474U 04045A   17340.88850672 -.00000018 +00000-0 +00000-0 0  9997
2 28474 054.3418 090.5959 0176339 249.6737 114.2179 02.00567687095972
NAVSTAR 57 (USA 183)
1 28874U 05038A   17341.25073252 -.00000075 +00000-0 +00000-0 0  9990
2 28874 056.2400 036.3620 0124581 255.8994 115.5714 02.00557913089385
NAVSTAR 58 (USA 190)
1 29486U 06042A   17341.10152229 -.00000023 +00000-0 +00000-0 0  9995
2 29486 055.2925 275.3668 0088310 346.8275 195.6973 02.00575601081972
NAVSTAR 59 (USA 192)
1 29601U 06052A   17340.79096669 -.00000057 +00000-0 +00000-0 0  9991
2 29601 056.6126 337.0799 0064567 050.6545 309.9274 02.00563327080940
NAVSTAR 60 (USA 196)
1 32260U 07047A   17340.60603255 +.00000037 +00000-0 +00000-0 0  9993
2 32260 053.2054 209.1279 0098716 035.8066 324.9414 02.00564854074386
NAVSTAR 61 (USA 199)
1 32384U 07062A   17340.54560852 -.00000070 +00000-0 +00000-0 0  9993
2 32384 056.3085 036.9838 0002700 020.6022 073.8718 02.00552922073086
NAVSTAR 62 (USA 201)
1 32711U 08012A   17341.01668795 -.00000023 +00000-0 +00000-0 0  9999
2 32711 055.0230 274.6953 0112236 215.1329 144.1429 02.00559300071316
NAVSTAR 64 (USA 206)
1 35752U 09043A   17340.77651380 +.00000057 +00000-0 +00000-0 0  9992
2 35752 054.2801 152.5179 0051616 034.0859 180.3525 02.00571426060896
NAVSTAR 65 (USA 213)
1 36585U 10022A   17341.13125553 -.00000057 +00000-0 +00000-0 0  9996
2 36585 055.9116 333.7639 0066081 044.6228 170.7593 02.00558673055139
NAVSTAR 66 (USA 232)
1 37753U 11036A   17341.21166528 -.00000010 +00000-0 +00000-0 0  9995
2 37753 055.5448 093.8767 0070230 034.5722 325.0814 02.00563087046816
NAVSTAR 67 (USA 239)
1 38833U 12053A   17340.70241920 -.00000020 +00000-0 +00000-0 0  9999
2 38833 054.0519 271.4551 0063229 026.0416 334.2976 02.00564077037080
NAVSTAR 68 (USA 242)
1 39166U 13023A   17341.05453433 -.00000075 +00000-0 +00000-0 0  9990
2 39166 055.9430 033.3286 0050464 018.1767 342.0609 02.00563519033424
NAVSTAR 69 (USA 248)
1 39533U 14008A   17340.55573041 -.00000023 +00000-0 +00000-0 0  9997
2 39533 054.2024 276.7827 0030342 188.3945 171.5703 02.00572131027230
NAVSTAR 70 (USA 251)
1 39741U 14026A   17340.84334370 -.00000011 +00000-0 +00000-0 0  9997
2 39741 055.5299 093.4135 0009357 282.1790 077.7028 02.00548965026074
NAVSTAR 71 (USA 256)
1 40105U 14045A   17340.92946168 +.00000032 +00000-0 +00000-0 0  9999
2 40105 054.6047 212.9205 0008556 101.9098 258.2747 02.00557396023648
NAVSTAR 72 (USA 258)
1 40294U 14068A   17340.80060815 +.00000059 +00000-0 +00000-0 0  9995
2 40294 055.0296 153.6322 0010377 023.4573 336.5953 02.00571453022748
NAVSTAR 73 (USA 260)
1 40534U 15013A   17340.94034955 -.00000058 +00000-0 +00000-0 0  9994
2 40534 054.8600 332.6908 0023740 350.0438 009.9144 02.00575130019360
NAVSTAR 74 (USA 262)
1 40730U 15033A   17341.09728251 -.00000077 +00000-0 +00000-0 0  9991
2 40730 055.4757 032.9197 0031279 320.6108 039.2187 02.00557297017557
NAVSTAR 75 (USA 265)
1 41019U 15062A   17340.65082417 +.00000059 +00000-0 +00000-0 0  9991
2 41019 055.0368 153.4336 0030882 198.5872 161.3056 02.00563891015361
NAVSTAR 76 (USA 266)
1 41328U 16007A   17340.74117552 +.00000035 +00000-0 +00000-0 0  9997
2 41328 054.8588 213.1652 0016142 214.6992 145.2850 02.00570496013423
ISS (ZARYA)
1 25544U 98067A   17341.28840128  .00005157  00000-0  85153-4 0  9993
2 25544  51.6425 255.3876 0003192 201.4122 301.9164 15.54105312 88678
TIANGONG 1
1 37820U 11053A   17341.18414883  .00069338  10071-4  18301-3 0  9991
2 37820  42.7521 210.8885 0020169 243.7609 248.7962 15.94094871355429
AGGIESAT 4
1 41313U 98067HP  17341.02320858 +.00063883 +00000-0 +21090-3 0  9999
2 41313 051.6334 187.4988 0003683 147.4802 212.6431 15.89800762106256
FLOCK 2EP 1
1 41479U 98067HZ  17341.11097425 +.00043956 +00000-0 +21856-3 0  9992
2 41479 051.6317 208.4268 0003336 147.2552 212.8657 15.81471112089099
FLOCK 2EP 3
1 41480U 98067JA  17341.06373887 +.00046851 +00000-0 +24590-3 0  9992
2 41480 051.6249 208.8497 0002995 147.5268 212.5918 15.80264820089070
FLOCK 2EP 2
1 41481U 98067JB  17334.77617065  .16809613  12434-4  52553-3 0  9990
2 41481  51.6166 233.3710 0007521 225.1371 134.8092 16.44458340 88170
FLOCK 2EP 4
1 41482U 98067JC  17312.53569587  .12083578  12294-4  16127-2 0  9996
2 41482  51.6040 345.8546 0002992  29.1792 330.9399 16.34655709 84693
FLOCK 2E 1
1 41483U 98067JD  17341.02931034 +.00028694 +00000-0 +17709-3 0  9994
2 41483 051.6344 212.5041 0002227 129.9003 230.2193 15.76898082088883
FLOCK 2E 2
1 41484U 98067JE  17341.08127762 +.00129580 +00000-0 +49701-3 0  9999
2 41484 051.6280 206.8033 0003385 182.1740 177.9250 15.86504563088964
FLOCK 2E 3
1 41486U 98067JG  17341.08898152 +.00033544 +00000-0 +18959-3 0  9994
2 41486 051.6300 212.8592 0002353 133.7851 226.3345 15.78790548088904
FLOCK 2E 4
1 41487U 98067JH  17341.13228108 +.00076522 +00000-0 +44166-3 0  9991
2 41487 051.6294 211.6406 0001705 128.6866 231.4287 15.77962604088924
FLOCK 2E 6
1 41563U 98067JM  17341.07434279 +.00105248 +00000-0 +48794-3 0  9996
2 41563 051.6305 214.9990 0005451 172.3503 187.7584 15.82610695086941
FLOCK 2E 5
1 41564U 98067JN  17341.05526990 +.00022340 +00000-0 +15788-3 0  9995
2 41564 051.6315 217.1610 0003343 135.1258 225.0012 15.73932646086900
FLOCK 2E 7
1 41565U 98067JP  17341.12170728 +.00042000 +00000-0 +21008-3 0  9995
2 41565 051.6261 206.9572 0004333 113.4453 246.7005 15.81358338086945
FLOCK 2EP 5
1 41567U 98067JR  17341.28764860  .00019902  00000-0  14912-3 0  9991
2 41567  51.6330 218.7589 0004981  93.9574 266.1994 15.72634049 86778
FLOCK 2EP 6
1 41568U 98067JS  17341.24248478 +.00031089 +00000-0 +19305-3 0  9991
2 41568 051.6273 213.0981 0004435 111.6555 248.4918 15.76705713086871
FLOCK 2EP 8
1 41569U 98067JT  17341.23252458 +.00043196 +00000-0 +20745-3 0  9996
2 41569 051.6301 205.4679 0002668 126.7832 233.3416 15.82231289086857
FLOCK 2E 9
1 41571U 98067JV  17341.06272434  .00323668  52946-4  76838-3 0  9995
2 41571  51.6242 202.7998 0004969 215.4085 144.6594 15.96162658 86859
FLOCK 2E 10
1 41572U 98067JW  17341.08316816 +.00041087 +00000-0 +21446-3 0  9998
2 41572 051.6326 209.0360 0004126 110.6916 249.4529 15.80441158086771
FLOCK 2E 12
1 41573U 98067JX  17341.06063884 +.00046803 +00000-0 +21828-3 0  9996
2 41573 051.6294 206.5735 0004527 120.0958 240.0494 15.82815020086807
FLOCK 2E 11
1 41574U 98067JY  17341.11839122  .00041575  00000-0  19850-3 0  9992
2 41574  51.6233 205.3539 0005384 124.7190 235.4320 15.82360963 86820
FLOCK 2EP 9
1 41575U 98067JZ  17341.03746534  .00064360  00000-0  24968-3 0  9991
2 41575  51.6266 202.5270 0005903 142.3228 217.8191 15.86528640 86847
FLOCK 2EP 10
1 41576U 98067KA  17341.05018024 +.00053656 +00000-0 +22976-3 0  9993
2 41576 051.6293 205.7788 0006010 137.1445 223.0028 15.84553104086704
FLOCK 2EP 11
1 41577U 98067KB  17341.17965452 +.00041568 +00000-0 +21010-3 0  9990
2 41577 051.6323 207.4488 0004647 112.3112 247.8383 15.81135125086518
FLOCK 2EP 12
1 41578U 98067KC  17341.01134487 +.00071633 +00000-0 +26630-3 0  9999
2 41578 051.6236 203.8645 0005622 136.8896 223.2550 15.87360009086545
FLOCK 2EP 13
1 41761U 98067KH  17341.16544550  .00038470  00000-0  34770-3 0  9991
2 41761  51.6344 236.8182 0007375 178.3278 181.7745 15.67684311 69967
FLOCK 2EP 14
1 41762U 98067KJ  17341.13991887 +.00015692 +00000-0 +15511-3 0  9991
2 41762 051.6364 236.6938 0005854 172.0493 188.0596 15.66060702069962
FLOCK 2EP 16
1 41763U 98067KK  17341.15774467 +.00038511 +00000-0 +33428-3 0  9999
2 41763 051.6359 235.3075 0006080 187.4834 172.6073 15.68686189069948
FLOCK 2EP 15
1 41764U 98067KL  17341.15173161  .00013775  00000-0  14103-3 0  9998
2 41764  51.6366 237.5188 0005284 180.2618 179.8376 15.65303313 69916
TIANGONG-2
1 41765U 16057A   17341.41404712  .00004633  00000-0  60861-4 0  9992
2 41765  42.7852  45.4399 0003501 342.3037  17.9556 15.59749255 70022
FLOCK 2EP 18
1 41769U 98067KM  17341.13102901 +.00013695 +00000-0 +13979-3 0  9996
2 41769 051.6366 237.3739 0003780 196.7268 163.3603 15.65389829069910
FLOCK 2EP 17
1 41776U 98067KN  17341.16510313  .00036684  00000-0  34510-3 0  9994
2 41776  51.6368 236.8832 0004860 199.9910 160.0896 15.66734681 69916
FLOCK 2EP 19
1 41777U 98067KP  17341.10184424 +.00020447 +00000-0 +16669-3 0  9994
2 41777 051.6342 230.3580 0003578 185.8658 174.2298 15.70600022069959
FLOCK 2EP 20
1 41782U 98067KQ  17341.27333560 +.00017938 +00000-0 +15524-3 0  9995
2 41782 051.6351 231.5572 0003447 183.1360 176.9616 15.69251781069826
BANXING-2
1 41834U 16057H   17341.38474535  .00015280  00000-0  11224-3 0  9993
2 41834  42.7829  23.5116 0008166  28.2529  90.0114 15.72846663 64330
STARS-C
1 41895U 98067KR  17341.16062682 +.00082260 +00000-0 +43468-3 0  9990
2 41895 051.6334 232.9741 0004797 174.4931 185.6124 15.79878931055134
ITF-2
1 41932U 98067KU  17341.18411692 +.00019680 +00000-0 +19076-3 0  9997
2 41932 051.6379 242.2684 0005002 173.2761 186.8303 15.66366454050587
WASEDA-SAT3
1 41933U 98067KV  17341.16899517 +.00026711 +00000-0 +23702-3 0  9996
2 41933 051.6357 240.6135 0004999 172.5007 187.6065 15.68350046050605
AOBA-VELOX 3
1 41935U 98067KX  17341.16358392  .00025416  00000-0  23242-3 0  9999
2 41935  51.6373 241.3653 0004609 171.3931 188.7145 15.67641147 50693
OSNSAT
1 41939U 98067KZ  17341.09679419  .00182766  23278-4  59960-3 0  9995
2 41939  51.6299 227.2208 0007921 177.6159 182.4885 15.90144874 50125
LEMUR 2 REDFERN-GOES
1 42059U 98067LA  17341.35603670  .00024541  00000-0  24400-3 0  9995
2 42059  51.6361 244.1255 0005825 204.5841 155.4878 15.65569091 43069
LEMUR 2 TRUTNA
1 42067U 98067LC  17341.08705261 +.00046778 +00000-0 +30550-3 0  9992
2 42067 051.6372 238.5331 0005201 183.7178 176.3784 15.75347087042945
LEMUR 2 AUSTINTACIOUS
1 42068U 98067LD  17341.16642474 +.00026922 +00000-0 +24641-3 0  9991
2 42068 051.6365 243.6091 0005750 193.0867 166.9981 15.67577461042986
LEMUR 2 TRUTNAHD
1 42069U 98067LE  17341.17853098  .00023854  00000-0  23071-3 0  9996
2 42069  51.6372 244.4612 0005270 199.3725 160.7071 15.66284245 43024
HAVELSAT
1 42700U 98067LH  17341.32074019  .00017246  00000-0  19497-3 0  9998
2 42700  51.6378 249.1580 0003805 231.7866 128.2786 15.62558123 31942
SOMP 2
1 42701U 98067LJ  17341.35471764  .00016310  00000-0  18818-3 0  9997
2 42701  51.6374 249.3857 0003874 231.5987 128.4660 15.62078018 31938
COLUMBIA
1 42702U 98067LK  17341.28070991  .00081254  00000-0  54066-3 0  9991
2 42702  51.6327 243.5932 0005051 180.0819 180.0180 15.74690756 31931
SGSAT
1 42703U 98067LL  17341.16130834  .00049114  00000-0  41265-3 0  9998
2 42703  51.6339 246.5560 0004556 147.9381 212.1893 15.69378500 31875
CXBN-2
1 42704U 98067LM  17341.16621089  .00019552  00000-0  22351-3 0  9994
2 42704  51.6379 250.3806 0002807 148.6976 211.4186 15.62172769 31836
ICECUBE
1 42705U 98067LN  17341.19633808  .00030382  00000-0  31269-3 0  9992
2 42705  51.6408 249.1067 0003091 160.4978 199.6136 15.64583174 31914
PHOENIX
1 42706U 98067LP  17341.21326338  .00016699  00000-0  19240-3 0  9993
2 42706  51.6376 249.9426 0001860 145.5290 214.5825 15.62096149 31831
XCUBESAT
1 42707U 98067LQ  17341.20235750  .00018805  00000-0  21204-3 0  9994
2 42707  51.6359 249.8554 0002017 147.5694 212.5424 15.62559306 31820
QBEE50-LTU-OC
1 42708U 98067LR  17341.21375540  .00018972  00000-0  21593-3 0  9994
2 42708  51.6370 249.9344 0001968 148.1633 211.9481 15.62310356 31787
ALTAIR PATHFINDER
1 42711U 98067LS  17341.24743102  .00012145  00000-0  15557-3 0  9993
2 42711  51.6376 251.6624 0004502 166.0335 194.0784 15.59618029 31470
SHARC
1 42712U 98067LT  17341.21037939  .00011279  00000-0  14881-3 0  9991
2 42712  51.6390 252.1828 0002651 163.9344 196.1733 15.58918072 31701
ZA-AEROSAT
1 42713U 98067LU  17341.29315593  .00015867  00000-0  19040-3 0  9994
2 42713  51.6371 250.4737 0003153 147.6848 212.4340 15.61077969 31494
LINK
1 42714U 98067LV  17341.22097576  .00030218  00000-0  31423-3 0  9992
2 42714  51.6352 249.2217 0003793 145.1895 214.9349 15.64322107 31618
CSUNSAT 1
1 42715U 98067LW  17341.28995990  .00015706  00000-0  18712-3 0  9997
2 42715  51.6380 250.4513 0004943 155.9121 204.2104 15.61270072 31499
UPSAT
1 42716U 98067LX  17341.28376050  .00024605  00000-0  26333-3 0  9994
2 42716  51.6371 248.9085 0002349 214.8447 145.2394 15.63713137 31648
SPACECUBE
1 42717U 98067LY  17341.23083538  .00018904  00000-0  21607-3 0  9990
2 42717  51.6370 250.0546 0002441 223.2511 136.8291 15.62203183 30862
HOOPOE
1 42718U 98067LZ  17341.32052551  .00020339  00000-0  22501-3 0  9991
2 42718  51.6371 249.1532 0002479 215.5255 144.5574 15.62991863 30889
CHALLENGER
1 42721U 98067MA  17341.23469812  .00035123  00000-0  34642-3 0  9993
2 42721  51.6357 248.5613 0005263 202.7718 157.3045 15.65572070 30586
NJUST-1
1 42722U 98067MB  17341.33162081  .00014394  00000-0  17613-3 0  9999
2 42722  51.6379 250.7275 0005679 218.9192 141.1393 15.60647712 30562
UNSW-ECO
1 42723U 98067MC  17341.35526473  .00021176  00000-0  23429-3 0  9999
2 42723  51.6382 249.3905 0005252 210.4592 149.6098 15.62950606 30565
DUTHSAT
1 42724U 98067MD  17341.19784225  .00031413  00000-0  31640-3 0  9992
2 42724  51.6367 249.0787 0004490 201.4586 158.6222 15.65105845 30479
LILACSAT-1
1 42725U 98067ME  17341.30639907  .00018068  00000-0  21286-3 0  9998
2 42725  51.6376 250.5623 0004605 215.6319 144.4368 15.61444976 30465
NSIGHT-1
1 42726U 98067MF  17341.19204402  .00008054  00000-0  11026-3 0  9999
2 42726  51.6388 252.8068 0005126 226.6785 133.3781 15.58391100 30434
SNUSAT-1
1 42727U 98067MG  17341.30774432  .00017396  00000-0  20582-3 0  9994
2 42727  51.6362 250.5529 0007305 181.7853 178.3116 15.61348225 30437
QBITO
1 42728U 98067MH  17341.19738548  .00018481  00000-0  21208-3 0  9992
2 42728  51.6394 250.6012 0002291 200.2123 159.8781 15.62117272 30267
AALTO-2
1 42729U 98067MJ  17341.32360879  .00017817  00000-0  20420-3 0  9993
2 42729  51.6379 249.9301 0002286 199.4413 160.6494 15.62179281 30290
SUSAT
1 42730U 98067MK  17341.21510775  .00018519  00000-0  21522-3 0  9999
2 42730  51.6374 250.6999 0002438 200.4070 159.6827 15.61787304 30265
I-INSPIRE II
1 42731U 98067ML  17341.33844021  .00023199  00000-0  25370-3 0  9992
2 42731  51.6364 249.2546 0007136 165.7091 194.4107 15.63176068 30341
POLYITAN-2-SAU
1 42732U 98067MM  17341.37751745  .00019080  00000-0  21655-3 0  9993
2 42732  51.6370 249.5212 0007096 167.0947 193.0230 15.62358451 30341
SNUSAT-1B
1 42733U 98067MN  17341.21584816  .00018526  00000-0  21547-3 0  9994
2 42733  51.6373 250.6958 0007034 169.2661 190.8484 15.61746314 30315
EXALTA-1
1 42734U 98067MP  17341.28015762  .00024616  00000-0  26884-3 0  9997
2 42734  51.6363 249.6177 0007535 190.2526 169.8316 15.63167666 30281
AOXIANG-1
1 42735U 98067MQ  17341.25907772  .00014594  00000-0  17755-3 0  9997
2 42735  51.6373 250.9865 0006248 216.0708 143.9864 15.60782421 31686
BEEAGLESAT
1 42736U 98067MR  17341.36684894  .00015885  00000-0  18903-3 0  9997
2 42736  51.6369 250.2063 0006138 213.7979 146.2624 15.61283779 30397
ATLANTIS
1 42737U 98067MS  17341.18888742  .00061279  00000-0  46380-3 0  9994
2 42737  51.6326 245.9730 0006418 183.9614 176.1335 15.71779439 30326
PROGRESS MS-06
1 42756U 17033A   17340.63018972 +.00005351 +00000-0 +88104-4 0  9998
2 42756 051.6432 258.6675 0003240 199.9499 218.4011 15.54098712027261
ISS DEB (ROSA)
1 42813U 98067MT  17341.20432982 +.00122681 +00000-0 +76378-3 0  9998
2 42813 051.6337 246.8310 0008157 157.4679 202.6680 15.76016470088781
SOYUZ MS-05
1 42898U 17043A   17340.63018972 +.00005351 +00000-0 +88104-4 0  9996
2 42898 051.6432 258.6675 0003240 199.9499 218.4011 15.54098712020362
SOYUZ MS-06
1 42937U 17054A   17340.63018972 +.00005351 +00000-0 +88104-4 0  9992
2 42937 051.6432 258.6675 0003240 199.9499 218.4011 15.54098712013188